# {
#     "dataset": "Madelon",
#     "is_image": false,
#     "pref_attach_alpha": 0,
#     "remove_using_weighted_sim": true,
#     "use_centralities": false,
#     "hidden_layer_sizes": [
#         1000,
#         1000,
#         1000
#     ],
#     "zeta": 0.3,
#     "add_using_sim": true,
#     "epsilon": 20,
#     "randomly_add_using_sim": false,
#     "typemlp": "evolutionary",
#     "learning_rate": 0.1,
#     "maxepoches": 100,
#     "remove_using_sim": false,
#     "center_sim": false,
#     "sim_sample_size": 1.0
# }
7.049999992052714548e-01
7.199999992052713571e-01
7.283333341280618933e-01
7.150000007947285852e-01
7.199999999999999734e-01
7.316666658719380711e-01
7.066666658719380489e-01
7.183333341280618844e-01
7.299999999999999822e-01
7.066666658719380489e-01
7.083333325386047541e-01
7.183333341280618844e-01
7.099999992052713482e-01
7.016666658719380445e-01
7.199999999999999734e-01
7.249999999999999778e-01
7.183333325386047630e-01
7.333333341280618978e-01
7.299999999999999822e-01
7.333333341280618978e-01
7.249999992052713615e-01
7.116666658719380534e-01
7.433333325386047852e-01
7.266666658719380667e-01
7.316666666666666874e-01
7.349999999999999867e-01
7.249999999999999778e-01
6.883333325386047363e-01
7.116666666666666696e-01
7.183333325386047630e-01
7.099999992052713482e-01
7.200000007947285896e-01
7.233333325386047674e-01
7.216666666666666785e-01
7.199999999999999734e-01
7.066666658719380489e-01
7.166666666666666741e-01
7.133333333333333748e-01
7.100000007947285807e-01
7.283333325386047719e-01
7.100000007947285807e-01
7.183333341280618844e-01
7.166666674613952903e-01
7.066666674613952814e-01
7.049999992052714548e-01
7.216666674613952948e-01
6.999999999999999556e-01
7.283333325386047719e-01
7.083333333333333703e-01
7.133333341280618800e-01
7.266666674613952992e-01
7.299999992052713660e-01
7.133333341280618800e-01
7.033333325386047497e-01
7.133333341280618800e-01
7.233333325386047674e-01
7.183333341280618844e-01
7.183333341280618844e-01
7.066666666666666652e-01
7.216666658719380623e-01
7.233333341280618889e-01
7.099999999999999645e-01
7.199999999999999734e-01
6.933333325386047408e-01
7.266666658719380667e-01
7.166666674613952903e-01
7.283333325386047719e-01
7.216666666666666785e-01
7.283333325386047719e-01
7.249999999999999778e-01
7.300000007947285985e-01
7.299999992052713660e-01
7.150000007947285852e-01
7.149999999999999689e-01
7.233333341280618889e-01
7.299999999999999822e-01
7.399999992052713749e-01
7.233333333333333837e-01
7.083333341280618756e-01
7.133333325386047585e-01
7.266666658719380667e-01
7.316666674613953036e-01
7.200000003973643370e-01
7.183333341280618844e-01
7.133333333333333748e-01
7.366666658719380756e-01
7.216666674613952948e-01
7.466666674613953170e-01
7.366666674613953081e-01
7.433333333333332904e-01
7.483333325386047896e-01
7.066666674613952814e-01
7.216666658719380623e-01
7.099999992052713482e-01
7.516666666666667052e-01
7.316666666666666874e-01
7.233333325386047674e-01
7.366666674613953081e-01
7.299999992052713660e-01
7.533333333333332993e-01
7.199999999999999734e-01
7.399999999999999911e-01
7.500000007947286162e-01
7.350000007947286029e-01
7.099999999999999645e-01
7.333333325386047763e-01
7.250000007947285940e-01
7.316666674613953036e-01
7.249999992052713615e-01
7.383333341280619022e-01
7.500000007947286162e-01
7.333333325386047763e-01
7.266666658719380667e-01
7.449999999999999956e-01
7.216666666666666785e-01
7.200000007947285896e-01
7.399999992052713749e-01
7.266666666666666829e-01
7.300000007947285985e-01
7.216666658719380623e-01
7.166666658719380578e-01
7.166666674613952903e-01
7.299999992052713660e-01
7.416666674613953125e-01
7.416666666666666963e-01
7.266666666666666829e-01
7.233333341280618889e-01
7.516666666666667052e-01
7.449999999999999956e-01
7.433333341280619067e-01
7.016666666666666607e-01
7.050000007947285763e-01
7.266666666666666829e-01
7.283333325386047719e-01
7.533333333333332993e-01
7.416666674613953125e-01
7.249999992052713615e-01
7.266666658719380667e-01
7.300000007947285985e-01
7.516666666666667052e-01
7.383333341280619022e-01
7.500000007947286162e-01
7.466666658719380845e-01
7.366666658719380756e-01
6.950000007947285674e-01
7.516666674613952104e-01
7.566666674613952148e-01
7.583333333333333037e-01
7.533333341280619155e-01
7.383333333333332860e-01
7.199999999999999734e-01
7.399999992052713749e-01
7.416666666666666963e-01
7.349999992052713704e-01
7.399999999999999911e-01
7.449999992052713793e-01
7.416666658719380800e-01
7.350000007947286029e-01
7.316666658719380711e-01
7.533333325386046830e-01
7.583333333333333037e-01
7.499999992052713838e-01
7.316666674613953036e-01
7.566666658719380933e-01
7.399999992052713749e-01
7.333333333333332815e-01
7.533333341280619155e-01
7.416666666666666963e-01
7.566666658719380933e-01
7.233333325386047674e-01
7.450000007947286118e-01
7.400000007947286074e-01
7.616666674613952193e-01
7.466666658719380845e-01
7.533333325386046830e-01
7.499999992052713838e-01
7.566666658719380933e-01
7.516666666666667052e-01
7.383333341280619022e-01
7.416666666666666963e-01
7.466666666666667007e-01
7.383333341280619022e-01
7.283333325386047719e-01
7.449999999999999956e-01
7.549999992052713882e-01
7.416666666666666963e-01
7.633333325386046919e-01
7.550000000000000044e-01
7.399999999999999911e-01
7.516666666666667052e-01
7.599999992052713926e-01
7.433333333333332904e-01
7.316666666666666874e-01
7.449999992052713793e-01
7.266666658719380667e-01
7.633333333333333082e-01
7.383333341280619022e-01
7.433333333333332904e-01
7.283333341280618933e-01
7.383333341280619022e-01
7.433333325386047852e-01
7.416666658719380800e-01
7.649999992052713971e-01
7.433333333333332904e-01
7.250000007947285940e-01
7.616666674613952193e-01
7.533333333333332993e-01
7.550000000000000044e-01
7.450000007947286118e-01
7.566666658719380933e-01
7.500000000000000000e-01
7.683333333333333126e-01
7.316666666666666874e-01
7.449999999999999956e-01
7.233333341280618889e-01
7.366666674613953081e-01
7.249999999999999778e-01
7.450000007947286118e-01
7.349999999999999867e-01
7.333333325386047763e-01
7.366666674613953081e-01
7.583333341280619200e-01
7.449999992052713793e-01
7.683333333333333126e-01
7.600000007947286251e-01
7.349999992052713704e-01
7.283333325386047719e-01
7.549999992052713882e-01
7.583333333333333037e-01
7.683333325386046964e-01
7.516666666666667052e-01
7.433333341280619067e-01
7.433333341280619067e-01
7.566666658719380933e-01
7.449999999999999956e-01
7.383333325386047807e-01
7.566666666666667096e-01
7.383333325386047807e-01
7.533333341280619155e-01
7.549999992052713882e-01
7.533333333333332993e-01
7.266666674613952992e-01
7.516666674613952104e-01
7.583333325386046875e-01
7.700000000000000178e-01
7.633333341280619244e-01
7.583333333333333037e-01
7.666666666666667185e-01
7.550000000000000044e-01
7.516666666666667052e-01
7.299999992052713660e-01
7.516666666666667052e-01
7.499999992052713838e-01
7.483333325386047896e-01
7.500000007947286162e-01
7.683333325386046964e-01
7.400000007947286074e-01
7.349999992052713704e-01
7.483333333333332948e-01
7.616666658719380978e-01
7.550000007947286207e-01
7.416666674613953125e-01
7.583333325386046875e-01
7.583333341280619200e-01
7.283333341280618933e-01
7.416666666666666963e-01
7.333333341280618978e-01
7.533333325386046830e-01
7.649999992052713971e-01
7.299999999999999822e-01
7.549999992052713882e-01
7.616666658719380978e-01
7.416666666666666963e-01
7.650000007947286296e-01
7.516666666666667052e-01
7.383333333333332860e-01
7.449999999999999956e-01
7.449999992052713793e-01
7.466666674613953170e-01
7.399999999999999911e-01
7.566666674613952148e-01
7.566666666666667096e-01
7.550000000000000044e-01
7.533333325386046830e-01
7.483333341280619111e-01
7.533333333333332993e-01
7.500000007947286162e-01
7.566666666666667096e-01
7.550000000000000044e-01
7.516666674613952104e-01
7.450000007947286118e-01
7.533333333333332993e-01
7.516666674613952104e-01
7.600000007947286251e-01
7.616666658719380978e-01
7.633333341280619244e-01
7.533333341280619155e-01
7.683333341280619289e-01
7.516666674613952104e-01
7.533333333333332993e-01
7.499999992052713838e-01
7.566666674613952148e-01
7.566666666666667096e-01
7.550000000000000044e-01
7.583333325386046875e-01
7.433333333333332904e-01
7.633333325386046919e-01
7.683333333333333126e-01
7.383333333333332860e-01
7.600000000000000089e-01
7.600000000000000089e-01
7.249999999999999778e-01
7.683333341280619289e-01
7.650000007947286296e-01
7.649999992052713971e-01
7.533333341280619155e-01
7.533333333333332993e-01
7.483333341280619111e-01
7.550000000000000044e-01
7.683333341280619289e-01
7.549999992052713882e-01
7.549999992052713882e-01
7.650000000000000133e-01
7.416666674613953125e-01
7.683333341280619289e-01
7.616666666666667140e-01
7.516666666666667052e-01
7.550000000000000044e-01
7.500000000000000000e-01
7.566666674613952148e-01
7.549999992052713882e-01
7.766666658719381111e-01
7.783333325386047052e-01
7.499999992052713838e-01
7.533333333333332993e-01
7.700000000000000178e-01
7.650000000000000133e-01
7.583333333333333037e-01
7.650000007947286296e-01
7.466666666666667007e-01
7.766666658719381111e-01
7.583333333333333037e-01
7.566666666666667096e-01
7.816666658719381156e-01
7.266666658719380667e-01
7.516666666666667052e-01
7.516666658719380889e-01
7.533333333333332993e-01
7.416666658719380800e-01
7.566666658719380933e-01
7.450000007947286118e-01
7.516666674613952104e-01
7.616666666666667140e-01
7.516666666666667052e-01
7.566666666666667096e-01
7.783333333333333215e-01
7.550000007947286207e-01
7.616666666666667140e-01
7.566666666666667096e-01
7.416666666666666963e-01
7.549999992052713882e-01
7.750000000000000222e-01
7.549999992052713882e-01
7.649999992052713971e-01
7.550000000000000044e-01
7.700000007947286340e-01
7.716666674613952281e-01
7.549999992052713882e-01
7.616666674613952193e-01
7.566666666666667096e-01
7.566666674613952148e-01
7.716666658719381067e-01
7.666666674613952237e-01
7.499999992052713838e-01
7.700000007947286340e-01
7.733333325386047008e-01
7.700000007947286340e-01
7.783333341280619377e-01
7.766666674613952326e-01
7.633333341280619244e-01
7.550000000000000044e-01
7.783333333333333215e-01
7.683333333333333126e-01
7.516666674613952104e-01
7.866666666666666252e-01
7.566666658719380933e-01
7.616666658719380978e-01
7.683333333333333126e-01
7.766666658719381111e-01
7.866666674613952415e-01
7.750000007947286385e-01
7.666666666666667185e-01
7.766666674613952326e-01
7.583333341280619200e-01
7.633333341280619244e-01
7.666666674613952237e-01
7.900000007947286518e-01
7.866666666666666252e-01
7.733333325386047008e-01
7.583333333333333037e-01
7.716666674613952281e-01
7.783333341280619377e-01
7.466666658719380845e-01
7.933333341280619511e-01
7.766666674613952326e-01
7.800000000000000266e-01
7.649999992052713971e-01
7.733333325386047008e-01
7.650000007947286296e-01
7.666666666666667185e-01
7.666666674613952237e-01
7.716666666666666119e-01
7.783333341280619377e-01
7.749999992052714060e-01
7.916666666666666297e-01
7.866666666666666252e-01
7.833333333333333259e-01
7.716666658719381067e-01
7.783333341280619377e-01
7.883333333333333304e-01
7.883333333333333304e-01
7.800000000000000266e-01
7.849999992052714148e-01
7.750000000000000222e-01
7.783333341280619377e-01
7.949999992052714237e-01
7.783333341280619377e-01
7.883333333333333304e-01
7.816666674613952370e-01
7.766666658719381111e-01
7.849999992052714148e-01
7.649999992052713971e-01
7.783333333333333215e-01
7.833333325386047097e-01
7.783333341280619377e-01
7.950000007947285452e-01
7.949999992052714237e-01
7.750000007947286385e-01
7.866666666666666252e-01
7.833333325386047097e-01
7.933333333333333348e-01
7.766666658719381111e-01
7.766666666666666163e-01
7.700000000000000178e-01
7.749999992052714060e-01
7.766666674613952326e-01
7.833333325386047097e-01
7.833333341280619422e-01
7.950000000000000400e-01
7.783333333333333215e-01
7.983333341280619555e-01
7.883333341280619466e-01
7.866666658719381200e-01
7.900000000000000355e-01
7.866666666666666252e-01
7.883333325386047141e-01
7.949999992052714237e-01
7.933333341280619511e-01
7.850000000000000311e-01
8.149999999999999467e-01
7.833333325386047097e-01
7.883333341280619466e-01
7.866666674613952415e-01
7.683333341280619289e-01
7.799999992052714104e-01
7.983333333333333393e-01
7.883333341280619466e-01
7.999999992052714282e-01
7.783333341280619377e-01
7.866666674613952415e-01
7.716666674613952281e-01
7.716666666666666119e-01
7.850000000000000311e-01
7.883333325386047141e-01
7.783333333333333215e-01
7.816666658719381156e-01
8.066666658719380267e-01
7.800000000000000266e-01
7.800000000000000266e-01
7.966666666666666341e-01
7.783333325386047052e-01
7.949999992052714237e-01
7.499999992052713838e-01
7.533333341280619155e-01
7.083333325386047541e-01
6.616666666666666252e-01
6.933333325386047408e-01
6.750000000000000444e-01
6.766666666666666385e-01
6.333333325386046875e-01
5.850000003973643281e-01
5.816666666666666652e-01
5.849999999999999645e-01
5.616666658719380312e-01
5.749999999999999556e-01
5.500000003973642970e-01
5.100000000000000089e-01
5.116666670640309666e-01
4.749999996026357252e-01
4.949999999999999956e-01
