# {
#     "dataset": "Madelon",
#     "is_image": false,
#     "pref_attach_alpha": 0,
#     "remove_using_weighted_sim": true,
#     "use_centralities": false,
#     "hidden_layer_sizes": [
#         1000,
#         1000,
#         1000
#     ],
#     "zeta": 0.3,
#     "add_using_sim": true,
#     "epsilon": 20,
#     "randomly_add_using_sim": false,
#     "typemlp": "evolutionary",
#     "learning_rate": 0.1,
#     "maxepoches": 100,
#     "remove_using_sim": false,
#     "center_sim": false,
#     "sim_sample_size": 1.0
# }
7.149999992052713527e-01
6.883333341280619688e-01
7.066666666666666652e-01
7.166666658719380578e-01
6.799999992052714326e-01
6.883333325386047363e-01
6.716666666666666341e-01
6.983333337306976141e-01
6.533333337306976851e-01
6.083333333333332815e-01
6.033333337306976407e-01
5.800000003973643237e-01
6.033333341280618933e-01
5.600000000000000533e-01
5.649999996026356941e-01
5.616666662693023948e-01
5.533333341280619599e-01
5.450000003973642926e-01
5.233333329359690644e-01
5.016666662693023415e-01
5.183333337306976762e-01
5.233333333333333171e-01
5.350000003973642837e-01
5.233333337306976807e-01
5.416666658719381244e-01
5.166666662693023548e-01
5.199999996026356541e-01
5.200000000000000178e-01
5.299999992052714104e-01
5.600000003973643059e-01
5.050000003973642571e-01
5.050000003973642571e-01
5.233333333333333171e-01
5.316666666666666208e-01
5.283333337306976851e-01
5.333333341280619422e-01
5.116666662693023504e-01
5.116666674613952193e-01
5.133333333333333082e-01
5.100000000000000089e-01
5.099999996026357563e-01
5.266666662693023637e-01
5.333333333333333259e-01
5.183333341280619289e-01
5.216666670640309755e-01
4.916666666666666408e-01
5.050000007947286207e-01
5.366666662693023726e-01
5.216666666666666119e-01
5.400000007947286518e-01
5.083333337306976674e-01
5.450000003973642926e-01
4.916666662693023881e-01
5.133333333333333082e-01
5.166666670640309711e-01
5.133333337306976718e-01
5.266666674613952326e-01
5.100000003973642615e-01
5.033333337306976629e-01
5.466666658719380179e-01
5.300000003973642793e-01
4.983333333333333504e-01
5.166666666666667185e-01
5.250000007947286385e-01
5.100000007947286251e-01
5.233333341280619333e-01
4.933333341280619067e-01
4.899999999999999911e-01
5.250000000000000222e-01
5.266666666666666163e-01
5.266666662693023637e-01
5.233333329359690644e-01
5.016666662693023415e-01
5.100000007947286251e-01
5.033333333333332993e-01
5.316666674613952370e-01
4.833333333333333370e-01
4.899999999999999911e-01
5.133333329359690556e-01
4.983333337306976585e-01
5.100000003973642615e-01
5.133333333333333082e-01
5.400000000000000355e-01
4.799999999999999822e-01
4.766666666666666829e-01
5.083333325386046875e-01
5.100000000000000089e-01
5.016666670640309578e-01
5.033333337306976629e-01
5.150000000000000133e-01
4.900000003973642992e-01
5.116666666666667140e-01
4.966666670640309533e-01
5.083333341280619200e-01
5.033333333333332993e-01
4.899999996026356830e-01
5.116666674613952193e-01
5.050000000000000044e-01
4.883333329359690334e-01
5.100000003973642615e-01
5.066666666666667096e-01
5.083333329359690511e-01
5.166666670640309711e-01
4.899999996026356830e-01
4.933333337306976540e-01
5.016666658719380889e-01
5.083333337306976674e-01
5.033333329359690467e-01
5.249999996026356586e-01
5.033333329359690467e-01
5.000000007947286162e-01
5.016666662693023415e-01
5.049999996026357518e-01
5.083333329359690511e-01
5.183333325386046964e-01
5.066666666666667096e-01
5.316666670640309844e-01
4.933333329359690378e-01
5.266666658719381111e-01
5.100000000000000089e-01
4.950000003973643037e-01
5.450000003973642926e-01
5.233333341280619333e-01
5.200000007947286340e-01
5.233333341280619333e-01
5.166666666666667185e-01
5.216666666666666119e-01
5.016666674613952104e-01
5.083333333333333037e-01
5.316666666666666208e-01
5.050000000000000044e-01
5.166666674613952237e-01
5.050000000000000044e-01
5.316666666666666208e-01
5.333333337306975785e-01
5.033333333333332993e-01
5.166666670640309711e-01
5.233333341280619333e-01
5.099999992052713926e-01
4.983333341280619111e-01
5.100000000000000089e-01
5.283333333333333215e-01
5.233333325386047008e-01
4.999999992052713838e-01
5.216666662693023593e-01
4.933333337306976540e-01
5.149999992052713971e-01
5.016666658719380889e-01
4.950000003973643037e-01
5.183333341280619289e-01
5.116666666666667140e-01
5.266666670640309800e-01
5.116666658719380978e-01
5.233333333333333171e-01
5.266666666666666163e-01
4.816666662693023793e-01
5.416666666666666297e-01
5.016666670640309578e-01
5.216666658719381067e-01
5.233333337306976807e-01
5.100000007947286251e-01
5.033333337306976629e-01
5.166666658719381022e-01
4.916666666666666408e-01
5.016666670640309578e-01
5.149999992052713971e-01
5.400000000000000355e-01
5.000000007947286162e-01
5.050000007947286207e-01
5.133333341280619244e-01
5.116666674613952193e-01
4.999999992052713838e-01
5.249999992052714060e-01
5.116666666666667140e-01
5.333333325386047097e-01
5.233333333333333171e-01
5.166666658719381022e-01
5.150000007947286296e-01
5.000000000000000000e-01
5.116666658719380978e-01
5.116666658719380978e-01
5.033333333333332993e-01
5.133333341280619244e-01
5.299999996026356630e-01
5.383333333333333304e-01
5.166666666666667185e-01
5.416666674613952459e-01
5.350000000000000311e-01
5.200000000000000178e-01
5.149999992052713971e-01
5.000000003973642526e-01
5.233333329359690644e-01
5.016666674613952104e-01
5.100000003973642615e-01
5.149999992052713971e-01
5.233333341280619333e-01
5.016666658719380889e-01
5.366666674613952415e-01
5.099999992052713926e-01
5.499999992052714282e-01
5.333333325386047097e-01
5.249999992052714060e-01
5.383333341280619466e-01
5.266666670640309800e-01
5.049999992052713882e-01
5.350000007947286473e-01
5.050000000000000044e-01
5.266666658719381111e-01
5.216666670640309755e-01
4.950000007947286118e-01
4.916666666666666408e-01
4.983333341280619111e-01
4.799999999999999822e-01
4.933333329359690378e-01
4.866666666666666918e-01
4.899999999999999911e-01
5.233333333333333171e-01
5.083333329359690511e-01
5.233333333333333171e-01
4.900000003973642992e-01
4.733333329359690200e-01
5.016666662693023415e-01
4.916666666666666408e-01
5.266666666666666163e-01
5.000000003973642526e-01
5.266666670640309800e-01
5.033333337306976629e-01
5.016666662693023415e-01
5.300000000000000266e-01
5.250000007947286385e-01
5.016666666666667052e-01
4.916666666666666408e-01
4.999999996026356919e-01
5.116666662693023504e-01
4.966666674613952615e-01
5.116666674613952193e-01
5.033333337306976629e-01
5.016666674613952104e-01
4.983333333333333504e-01
5.116666662693023504e-01
5.016666666666667052e-01
5.233333333333333171e-01
5.066666670640309622e-01
5.050000000000000044e-01
5.183333329359690600e-01
5.050000000000000044e-01
5.016666670640309578e-01
5.100000007947286251e-01
5.150000000000000133e-01
5.066666670640309622e-01
5.316666674613952370e-01
5.116666666666667140e-01
5.083333333333333037e-01
5.183333329359690600e-01
4.933333325386047297e-01
5.349999992052714148e-01
5.099999996026357563e-01
5.099999996026357563e-01
4.766666670640309911e-01
4.883333337306976496e-01
5.283333341280619377e-01
5.033333337306976629e-01
5.033333325386046830e-01
5.283333337306976851e-01
5.233333325386047008e-01
5.333333341280619422e-01
5.133333333333333082e-01
5.250000007947286385e-01
5.449999992052714237e-01
5.033333329359690467e-01
5.116666666666667140e-01
5.100000003973642615e-01
5.083333333333333037e-01
5.216666666666666119e-01
5.083333333333333037e-01
4.966666666666666452e-01
4.916666670640309489e-01
5.266666662693023637e-01
5.100000007947286251e-01
5.383333333333333304e-01
5.050000000000000044e-01
5.016666658719380889e-01
5.100000000000000089e-01
5.183333333333333126e-01
5.200000000000000178e-01
5.433333337306975874e-01
5.333333341280619422e-01
5.266666662693023637e-01
5.149999992052713971e-01
5.099999992052713926e-01
5.000000000000000000e-01
5.400000000000000355e-01
5.100000007947286251e-01
4.999999996026356919e-01
5.183333333333333126e-01
5.299999992052714104e-01
4.966666670640309533e-01
4.983333333333333504e-01
4.833333333333333370e-01
5.300000000000000266e-01
4.733333333333333282e-01
4.950000003973643037e-01
5.183333333333333126e-01
4.933333333333333459e-01
4.966666666666666452e-01
4.966666670640309533e-01
5.316666658719381156e-01
5.016666670640309578e-01
5.133333341280619244e-01
4.883333333333333415e-01
5.150000000000000133e-01
5.333333333333333259e-01
4.766666658719380667e-01
4.849999992052714259e-01
5.233333329359690644e-01
4.833333333333333370e-01
5.066666666666667096e-01
4.950000003973643037e-01
4.766666666666666829e-01
5.149999996026356497e-01
5.083333341280619200e-01
5.033333333333332993e-01
5.266666670640309800e-01
4.983333337306976585e-01
4.683333341280619400e-01
5.166666658719381022e-01
5.416666666666666297e-01
4.816666658719380711e-01
4.983333333333333504e-01
4.666666662693023659e-01
5.300000003973642793e-01
5.166666658719381022e-01
4.866666662693023837e-01
4.900000003973642992e-01
5.166666662693023548e-01
4.799999999999999822e-01
5.166666658719381022e-01
5.183333329359690600e-01
4.916666674613952570e-01
5.149999996026356497e-01
4.699999999999999734e-01
5.249999992052714060e-01
4.966666662693023926e-01
4.866666670640309444e-01
4.899999996026356830e-01
5.166666658719381022e-01
5.183333341280619289e-01
4.933333333333333459e-01
5.150000000000000133e-01
5.333333337306975785e-01
5.050000007947286207e-01
5.133333333333333082e-01
5.050000000000000044e-01
4.566666670640309733e-01
4.816666670640309400e-01
4.816666666666666874e-01
4.816666666666666874e-01
5.216666674613952281e-01
4.716666666666666785e-01
4.866666658719380756e-01
4.916666658719380800e-01
5.083333337306976674e-01
4.883333333333333415e-01
4.849999999999999867e-01
4.633333341280619355e-01
4.683333325386047630e-01
5.133333333333333082e-01
4.783333333333333326e-01
5.033333333333332993e-01
5.066666674613952148e-01
4.733333333333333282e-01
4.949999999999999956e-01
5.050000000000000044e-01
4.783333337306976407e-01
4.899999999999999911e-01
5.050000000000000044e-01
5.033333325386046830e-01
5.233333333333333171e-01
5.133333341280619244e-01
5.283333341280619377e-01
5.200000000000000178e-01
4.533333337306976185e-01
4.933333325386047297e-01
4.983333333333333504e-01
4.933333341280619067e-01
4.633333325386047585e-01
4.750000007947285940e-01
5.016666666666667052e-01
5.066666674613952148e-01
5.099999992052713926e-01
5.033333333333332993e-01
5.049999992052713882e-01
5.100000000000000089e-01
4.833333333333333370e-01
4.983333341280619111e-01
4.899999999999999911e-01
4.783333333333333326e-01
5.216666666666666119e-01
5.149999992052713971e-01
4.799999999999999822e-01
5.250000000000000222e-01
5.099999992052713926e-01
5.183333333333333126e-01
4.550000000000000155e-01
4.849999999999999867e-01
4.933333333333333459e-01
4.899999999999999911e-01
4.883333325386047252e-01
5.283333333333333215e-01
4.699999996026357207e-01
4.883333333333333415e-01
5.149999992052713971e-01
4.733333329359690200e-01
5.149999996026356497e-01
4.799999996026356741e-01
5.000000000000000000e-01
4.999999992052713838e-01
4.816666674613952481e-01
5.016666658719380889e-01
5.050000000000000044e-01
5.016666666666667052e-01
5.083333341280619200e-01
5.100000000000000089e-01
5.200000000000000178e-01
5.066666674613952148e-01
5.233333325386047008e-01
5.283333325386047052e-01
4.883333325386047252e-01
5.000000003973642526e-01
4.366666670640309555e-01
5.216666666666666119e-01
4.699999996026357207e-01
5.066666666666667096e-01
4.649999992052714082e-01
4.800000007947285985e-01
4.733333341280619444e-01
5.099999992052713926e-01
4.966666674613952615e-01
4.983333333333333504e-01
4.883333341280619577e-01
4.933333341280619067e-01
5.033333337306976629e-01
4.549999992052713993e-01
4.866666658719380756e-01
5.116666666666667140e-01
4.833333337306976452e-01
5.350000003973642837e-01
4.666666674613952903e-01
5.366666666666666252e-01
5.149999996026356497e-01
5.083333341280619200e-01
4.899999999999999911e-01
4.733333333333333282e-01
5.133333329359690556e-01
5.166666674613952237e-01
4.883333333333333415e-01
5.250000000000000222e-01
5.250000000000000222e-01
5.166666666666667185e-01
5.383333333333333304e-01
4.933333333333333459e-01
5.083333329359690511e-01
4.866666666666666918e-01
4.699999992052714126e-01
4.816666666666666874e-01
4.933333325386047297e-01
5.066666674613952148e-01
5.100000003973642615e-01
5.133333333333333082e-01
5.050000000000000044e-01
5.050000000000000044e-01
5.233333341280619333e-01
4.966666662693023926e-01
4.916666670640309489e-01
4.883333333333333415e-01
5.383333333333333304e-01
4.949999996026356874e-01
4.983333333333333504e-01
5.133333333333333082e-01
5.083333337306976674e-01
4.999999996026356919e-01
5.050000007947286207e-01
4.833333329359690289e-01
5.133333325386046919e-01
5.200000003973642704e-01
5.033333337306976629e-01
4.850000003973642948e-01
4.933333333333333459e-01
5.066666666666667096e-01
4.833333333333333370e-01
5.166666666666667185e-01
5.100000007947286251e-01
4.816666670640309400e-01
5.450000000000000400e-01
4.783333333333333326e-01
4.866666670640309444e-01
4.749999996026357252e-01
5.116666674613952193e-01
4.966666662693023926e-01
5.000000003973642526e-01
