# {
#     "dataset": "Madelon",
#     "is_image": false,
#     "pref_attach_alpha": 0,
#     "remove_using_weighted_sim": true,
#     "use_centralities": false,
#     "hidden_layer_sizes": [
#         1000,
#         1000,
#         1000
#     ],
#     "zeta": 0.3,
#     "add_using_sim": true,
#     "epsilon": 20,
#     "randomly_add_using_sim": false,
#     "typemlp": "evolutionary",
#     "learning_rate": 0.1,
#     "maxepoches": 100,
#     "remove_using_sim": false,
#     "center_sim": false,
#     "sim_sample_size": 1.0
# }
4.700000000000000000e+01
3.700000000000000000e+01
3.600000000000000000e+01
4.300000000000000000e+01
4.300000000000000000e+01
3.900000000000000000e+01
4.600000000000000000e+01
3.500000000000000000e+01
2.700000000000000000e+01
4.800000000000000000e+01
3.400000000000000000e+01
2.800000000000000000e+01
2.300000000000000000e+01
3.100000000000000000e+01
3.200000000000000000e+01
2.700000000000000000e+01
3.200000000000000000e+01
3.400000000000000000e+01
3.800000000000000000e+01
2.500000000000000000e+01
4.300000000000000000e+01
3.500000000000000000e+01
4.200000000000000000e+01
3.500000000000000000e+01
4.800000000000000000e+01
4.900000000000000000e+01
3.400000000000000000e+01
3.400000000000000000e+01
1.670000000000000000e+02
3.000000000000000000e+01
2.300000000000000000e+01
3.900000000000000000e+01
3.500000000000000000e+01
3.800000000000000000e+01
3.300000000000000000e+01
4.100000000000000000e+01
3.900000000000000000e+01
2.600000000000000000e+01
3.300000000000000000e+01
3.400000000000000000e+01
6.000000000000000000e+01
3.200000000000000000e+01
3.900000000000000000e+01
4.500000000000000000e+01
4.100000000000000000e+01
3.200000000000000000e+01
5.100000000000000000e+01
3.500000000000000000e+01
1.770000000000000000e+02
3.600000000000000000e+01
5.200000000000000000e+01
3.500000000000000000e+01
4.400000000000000000e+01
3.700000000000000000e+01
3.000000000000000000e+01
3.500000000000000000e+01
2.900000000000000000e+01
3.200000000000000000e+01
3.700000000000000000e+01
4.300000000000000000e+01
3.200000000000000000e+01
3.100000000000000000e+01
4.000000000000000000e+01
4.100000000000000000e+01
1.760000000000000000e+02
4.000000000000000000e+01
3.800000000000000000e+01
4.700000000000000000e+01
3.900000000000000000e+01
3.700000000000000000e+01
3.600000000000000000e+01
3.000000000000000000e+01
3.000000000000000000e+01
3.800000000000000000e+01
5.000000000000000000e+01
3.500000000000000000e+01
4.200000000000000000e+01
2.500000000000000000e+01
5.700000000000000000e+01
3.900000000000000000e+01
4.500000000000000000e+01
4.000000000000000000e+01
4.900000000000000000e+01
4.100000000000000000e+01
3.500000000000000000e+01
3.300000000000000000e+01
2.700000000000000000e+01
3.400000000000000000e+01
2.800000000000000000e+01
4.600000000000000000e+01
3.300000000000000000e+01
3.100000000000000000e+01
3.500000000000000000e+01
3.100000000000000000e+01
3.100000000000000000e+01
3.300000000000000000e+01
4.100000000000000000e+01
2.800000000000000000e+01
4.300000000000000000e+01
3.600000000000000000e+01
4.500000000000000000e+01
3.500000000000000000e+01
4.200000000000000000e+01
3.100000000000000000e+01
2.900000000000000000e+01
2.080000000000000000e+02
3.500000000000000000e+01
3.400000000000000000e+01
3.700000000000000000e+01
3.800000000000000000e+01
3.600000000000000000e+01
2.100000000000000000e+01
3.700000000000000000e+01
2.400000000000000000e+01
2.800000000000000000e+01
3.000000000000000000e+01
3.400000000000000000e+01
3.500000000000000000e+01
4.000000000000000000e+01
4.300000000000000000e+01
3.000000000000000000e+01
2.700000000000000000e+01
3.200000000000000000e+01
3.900000000000000000e+01
2.800000000000000000e+01
3.700000000000000000e+01
3.600000000000000000e+01
3.100000000000000000e+01
2.040000000000000000e+02
4.500000000000000000e+01
3.500000000000000000e+01
4.700000000000000000e+01
4.000000000000000000e+01
4.100000000000000000e+01
4.000000000000000000e+01
2.800000000000000000e+01
3.400000000000000000e+01
4.300000000000000000e+01
3.100000000000000000e+01
3.100000000000000000e+01
4.400000000000000000e+01
3.300000000000000000e+01
4.600000000000000000e+01
2.900000000000000000e+01
5.300000000000000000e+01
3.300000000000000000e+01
3.800000000000000000e+01
4.200000000000000000e+01
4.600000000000000000e+01
3.500000000000000000e+01
3.200000000000000000e+01
3.000000000000000000e+01
2.900000000000000000e+01
1.660000000000000000e+02
4.200000000000000000e+01
2.900000000000000000e+01
2.800000000000000000e+01
4.100000000000000000e+01
3.800000000000000000e+01
3.300000000000000000e+01
3.900000000000000000e+01
3.500000000000000000e+01
3.000000000000000000e+01
4.700000000000000000e+01
4.000000000000000000e+01
3.700000000000000000e+01
2.600000000000000000e+01
3.100000000000000000e+01
4.300000000000000000e+01
4.500000000000000000e+01
3.700000000000000000e+01
3.000000000000000000e+01
3.000000000000000000e+01
4.000000000000000000e+01
4.700000000000000000e+01
2.800000000000000000e+01
2.900000000000000000e+01
3.800000000000000000e+01
3.200000000000000000e+01
3.500000000000000000e+01
4.000000000000000000e+01
4.300000000000000000e+01
4.900000000000000000e+01
3.200000000000000000e+01
6.100000000000000000e+01
3.800000000000000000e+01
2.700000000000000000e+01
3.100000000000000000e+01
3.100000000000000000e+01
2.800000000000000000e+01
3.600000000000000000e+01
3.000000000000000000e+01
4.600000000000000000e+01
3.500000000000000000e+01
5.300000000000000000e+01
3.400000000000000000e+01
4.400000000000000000e+01
2.800000000000000000e+01
4.000000000000000000e+01
3.500000000000000000e+01
4.500000000000000000e+01
4.300000000000000000e+01
3.100000000000000000e+01
3.500000000000000000e+01
4.100000000000000000e+01
2.200000000000000000e+01
3.900000000000000000e+01
3.500000000000000000e+01
3.100000000000000000e+01
3.700000000000000000e+01
3.700000000000000000e+01
2.600000000000000000e+01
4.100000000000000000e+01
3.400000000000000000e+01
3.600000000000000000e+01
3.100000000000000000e+01
3.500000000000000000e+01
4.000000000000000000e+01
2.600000000000000000e+01
3.700000000000000000e+01
4.300000000000000000e+01
3.900000000000000000e+01
3.500000000000000000e+01
4.600000000000000000e+01
3.200000000000000000e+01
5.400000000000000000e+01
3.400000000000000000e+01
2.700000000000000000e+01
4.400000000000000000e+01
3.600000000000000000e+01
3.800000000000000000e+01
3.000000000000000000e+01
3.400000000000000000e+01
2.500000000000000000e+01
3.800000000000000000e+01
3.200000000000000000e+01
4.000000000000000000e+01
3.300000000000000000e+01
5.900000000000000000e+01
5.200000000000000000e+01
3.900000000000000000e+01
1.790000000000000000e+02
4.200000000000000000e+01
2.700000000000000000e+01
2.500000000000000000e+01
3.100000000000000000e+01
3.600000000000000000e+01
3.100000000000000000e+01
3.500000000000000000e+01
2.400000000000000000e+01
3.500000000000000000e+01
4.600000000000000000e+01
3.300000000000000000e+01
4.100000000000000000e+01
3.500000000000000000e+01
3.200000000000000000e+01
4.100000000000000000e+01
4.100000000000000000e+01
6.200000000000000000e+01
3.600000000000000000e+01
3.800000000000000000e+01
3.400000000000000000e+01
3.100000000000000000e+01
3.300000000000000000e+01
5.200000000000000000e+01
4.000000000000000000e+01
4.700000000000000000e+01
4.700000000000000000e+01
3.600000000000000000e+01
1.400000000000000000e+01
2.600000000000000000e+01
4.700000000000000000e+01
2.700000000000000000e+01
2.900000000000000000e+01
2.900000000000000000e+01
3.600000000000000000e+01
2.800000000000000000e+01
3.900000000000000000e+01
3.400000000000000000e+01
3.900000000000000000e+01
5.200000000000000000e+01
1.670000000000000000e+02
3.900000000000000000e+01
3.500000000000000000e+01
3.900000000000000000e+01
5.400000000000000000e+01
4.300000000000000000e+01
3.500000000000000000e+01
3.600000000000000000e+01
3.500000000000000000e+01
3.900000000000000000e+01
4.600000000000000000e+01
2.600000000000000000e+01
2.700000000000000000e+01
5.300000000000000000e+01
2.500000000000000000e+01
3.900000000000000000e+01
3.600000000000000000e+01
4.400000000000000000e+01
3.700000000000000000e+01
3.300000000000000000e+01
2.700000000000000000e+01
2.800000000000000000e+01
3.500000000000000000e+01
3.500000000000000000e+01
2.900000000000000000e+01
3.900000000000000000e+01
4.200000000000000000e+01
3.900000000000000000e+01
3.900000000000000000e+01
2.800000000000000000e+01
3.800000000000000000e+01
3.200000000000000000e+01
3.100000000000000000e+01
2.600000000000000000e+01
2.700000000000000000e+01
3.300000000000000000e+01
3.300000000000000000e+01
1.690000000000000000e+02
4.500000000000000000e+01
3.200000000000000000e+01
2.600000000000000000e+01
3.600000000000000000e+01
3.500000000000000000e+01
3.500000000000000000e+01
3.200000000000000000e+01
3.100000000000000000e+01
4.700000000000000000e+01
4.000000000000000000e+01
3.600000000000000000e+01
3.600000000000000000e+01
4.300000000000000000e+01
3.800000000000000000e+01
4.000000000000000000e+01
3.100000000000000000e+01
3.200000000000000000e+01
1.670000000000000000e+02
4.200000000000000000e+01
2.100000000000000000e+02
3.500000000000000000e+01
3.000000000000000000e+01
3.900000000000000000e+01
3.600000000000000000e+01
3.800000000000000000e+01
3.700000000000000000e+01
5.300000000000000000e+01
3.700000000000000000e+01
4.300000000000000000e+01
3.200000000000000000e+01
4.100000000000000000e+01
3.800000000000000000e+01
3.900000000000000000e+01
4.000000000000000000e+01
3.100000000000000000e+01
3.000000000000000000e+01
3.800000000000000000e+01
3.900000000000000000e+01
2.900000000000000000e+01
2.800000000000000000e+01
3.600000000000000000e+01
3.600000000000000000e+01
3.600000000000000000e+01
4.000000000000000000e+01
2.600000000000000000e+01
3.500000000000000000e+01
3.400000000000000000e+01
3.300000000000000000e+01
3.400000000000000000e+01
3.200000000000000000e+01
4.200000000000000000e+01
3.100000000000000000e+01
3.500000000000000000e+01
2.700000000000000000e+01
4.400000000000000000e+01
3.600000000000000000e+01
3.900000000000000000e+01
3.200000000000000000e+01
3.800000000000000000e+01
1.700000000000000000e+02
2.900000000000000000e+01
4.600000000000000000e+01
2.600000000000000000e+01
2.500000000000000000e+01
3.300000000000000000e+01
2.900000000000000000e+01
3.500000000000000000e+01
3.300000000000000000e+01
3.200000000000000000e+01
2.900000000000000000e+01
4.000000000000000000e+01
4.400000000000000000e+01
4.700000000000000000e+01
3.100000000000000000e+01
3.200000000000000000e+01
3.800000000000000000e+01
2.600000000000000000e+01
4.600000000000000000e+01
3.100000000000000000e+01
2.800000000000000000e+01
4.000000000000000000e+01
3.200000000000000000e+01
3.600000000000000000e+01
4.200000000000000000e+01
3.200000000000000000e+01
4.100000000000000000e+01
5.700000000000000000e+01
3.800000000000000000e+01
3.300000000000000000e+01
2.800000000000000000e+01
4.100000000000000000e+01
2.400000000000000000e+01
4.100000000000000000e+01
4.400000000000000000e+01
4.700000000000000000e+01
2.900000000000000000e+01
2.300000000000000000e+01
3.200000000000000000e+01
3.700000000000000000e+01
3.700000000000000000e+01
2.600000000000000000e+01
5.100000000000000000e+01
4.700000000000000000e+01
2.900000000000000000e+01
3.400000000000000000e+01
3.700000000000000000e+01
3.600000000000000000e+01
2.900000000000000000e+01
3.500000000000000000e+01
4.000000000000000000e+01
3.300000000000000000e+01
4.100000000000000000e+01
4.700000000000000000e+01
2.900000000000000000e+01
1.690000000000000000e+02
3.500000000000000000e+01
2.900000000000000000e+01
2.900000000000000000e+01
3.900000000000000000e+01
2.600000000000000000e+01
3.500000000000000000e+01
3.500000000000000000e+01
3.400000000000000000e+01
2.050000000000000000e+02
3.100000000000000000e+01
2.800000000000000000e+01
4.300000000000000000e+01
4.800000000000000000e+01
2.500000000000000000e+01
3.600000000000000000e+01
3.700000000000000000e+01
2.400000000000000000e+01
1.810000000000000000e+02
4.400000000000000000e+01
1.840000000000000000e+02
4.400000000000000000e+01
1.820000000000000000e+02
5.000000000000000000e+01
4.700000000000000000e+01
3.600000000000000000e+01
2.600000000000000000e+01
3.800000000000000000e+01
3.300000000000000000e+01
4.400000000000000000e+01
3.000000000000000000e+01
2.700000000000000000e+01
3.700000000000000000e+01
3.700000000000000000e+01
3.300000000000000000e+01
4.200000000000000000e+01
6.000000000000000000e+01
3.200000000000000000e+01
2.600000000000000000e+01
2.040000000000000000e+02
3.900000000000000000e+01
2.600000000000000000e+01
1.750000000000000000e+02
3.200000000000000000e+01
2.600000000000000000e+01
4.400000000000000000e+01
2.500000000000000000e+01
3.600000000000000000e+01
3.600000000000000000e+01
3.300000000000000000e+01
3.600000000000000000e+01
3.300000000000000000e+01
4.100000000000000000e+01
2.900000000000000000e+01
3.100000000000000000e+01
4.100000000000000000e+01
4.500000000000000000e+01
3.700000000000000000e+01
3.800000000000000000e+01
2.500000000000000000e+01
1.860000000000000000e+02
3.600000000000000000e+01
3.700000000000000000e+01
3.700000000000000000e+01
4.600000000000000000e+01
3.100000000000000000e+01
4.000000000000000000e+01
